8.134000 
2.035000 
-3.103000 
50.812000 
16.154000 
30.010000 
22.173000 
19.175000 
17.147000 
-1.368000 
19.738000 
31.934000 
2.489000 
-18.711000 
-15.671000 
-24.705000 
-34.876000 
7.674000 
30.669000 
49.720000 
34.110000 
60.040000 
65.000000 
24.823000 
-35.711000 
-60.685000 
22.283000 
43.980000 
65.000000 
30.464000 
-22.780000 
11.878000 
0.564000 
15.315000 
36.078000 
19.487000 
35.476000 
27.600000 
3.764000 
-17.340000 
45.936000 
59.586000 
24.945000 
1.116000 
-2.405000 
-2.967000 
21.114000 
30.986000 
4.187000 
-9.673000 
